0 9
1 2
2 5
3 6
4 9
5 6
6 5
7 4
8 4
9 9
10 6
13 5
15 5
16 9
17 3
18 8
19 7
20 3
21 4
22 4
23 9
25 2
27 3
29 7
30 7
31 8
32 5
33 2
34 8
35 7
37 2
39 5
40 6
41 9
44 10
45 2
46 1
47 5
48 10
49 1
51 4
52 6
53 1
54 8
55 7
56 3
57 10
60 5
61 8
62 3
64 5
65 3
66 10
67 1
68 4
70 3
71 8
72 6
73 1
74 6
75 10
76 3
77 4
78 4
79 7
81 6
83 1
84 6
86 10
87 3
88 1
89 2
91 10
92 10
93 9
94 7
95 3
96 3
98 6
99 8
100 5
101 7
102 6
103 2
104 9
105 2
106 5
107 6
108 4
109 2
110 1
111 4
112 10
113 3
114 1
11 0
12 0
14 0
24 0
26 0
28 0
36 0
38 0
42 0
43 0
50 0
58 0
59 0
63 0
69 0
80 0
82 0
85 0
90 0
97 0
