 0 18
 1 18
 2 18
 3 9
 4 7
 5 2
 6 12
 7 14
 8 18
 9 20
 10 1
 11 16
 12 12
 13 1
 14 18
 15 13
 16 12
 17 2
 18 13
 19 20
 20 2
 21 1
 22 25
 23 18
 24 12
 25 18
 26 7
 27 1
 28 9
 29 16
 30 2
 31 12
 32 24
 33 12
 34 21
 35 1
 36 24
 37 12
 38 7
 39 16
 40 18
 41 12
 42 16
 43 12
 44 18
 45 1
 46 12
 47 12
 48 12
 49 18
 50 21
 51 15
 52 7
 53 18
 54 10
 55 18
 56 9
 57 2
 58 18
 59 14
 60 23
 61 20
 62 27
 63 12
 64 3
 65 13
 66 21
 67 14
 68 20
 69 9
 70 24
 71 21
 72 25
 73 9
 74 9
 75 18
 76 3
 77 24
 78 27
 79 25
 80 16
 81 16
 82 24
 83 24
 84 24
 85 9
 86 16
 87 14
 88 11
 89 1
 90 21
 91 21
 92 18
 93 9
 94 27
 95 22
 96 14
 97 5
 98 1
 99 15
 100 7
 101 18
 102 25
 103 6
 104 25
 105 21
 106 1
 107 25
 108 6
 109 14
 110 1
 111 11
 112 25
 113 25
 114 25
 115 12
 116 13
 117 18
 118 9
 119 8
 120 13
 121 25
 122 25
 123 16
 124 12
 125 25
 126 9
 127 14
 128 12
 129 16
 130 7
 131 14
 132 1
 133 2
 134 25
 135 25
 136 25
 137 1
 138 24
 139 25
 140 23
 141 25
 142 25
 143 11
 144 24
 145 15
 146 18
 147 20
 148 25
 149 22
 150 25
 151 5
 152 9
 153 2
 154 22
 155 25
 156 19
 157 25
 158 14
 159 2
 160 19
 161 14
 162 2
 163 25
 164 13
 165 2
 166 1
 167 12
 168 13
 169 18
 170 17
 171 12
 172 25
 173 2
 174 20
 175 2
 176 22
 177 25
 178 25
 179 2
 180 12
 181 20
 182 3
 183 15
 184 21
 185 22
 186 1
 187 26
 188 20
 189 15
 190 8
 191 4
 192 13
 193 24
 194 25
 195 13
 196 2
 197 2
 198 18
 199 14
 200 20
 201 14
 202 25
 203 12
 204 27
 205 8
 206 15
 207 15
 208 14
 209 12
 210 24
 211 17
 212 8
 213 22
 214 13
 215 11
 216 21
 217 24
 218 23
 219 12
 220 12
 221 18
 222 5
 223 20
 224 6
 225 8
 226 16
 227 16
 228 22
 229 23
 230 20
 231 14
 232 16
 233 7
 234 20
 235 5
 236 23
 237 22
 238 22
 239 22
 240 13
 241 2
 242 18
 243 3
 244 14
 245 7
 246 20
 247 13
 248 13
 249 25
 250 1
 251 2
 252 13
 253 3
 254 12
 255 27
 256 27
 257 20
 258 20
 259 12
 260 21
 261 17
 262 18
 263 2
 264 10
 265 12
 266 17
 267 5
 268 15
 269 15
 270 5
 271 22
 272 12
 273 19
 274 23
 275 12
 276 12
 277 12
 278 22
 279 4
 280 23
 281 15
 282 2
 283 16
 284 16
 285 9
 286 16
 287 22
 288 22
 289 15
 290 14
 291 19
 292 14
 293 27
 294 5
 295 23
 296 21
 297 3
 298 21
 299 1
 300 16
 301 15
 302 24
 303 5
 304 20
 305 3
 306 5
 307 27
 308 15
 309 24
 310 22
 311 19
 312 11
 313 19
 314 9
 315 3
 316 22
 317 4
 318 15
 319 4
 320 4
 321 2
 322 4
 323 4
 324 4
 325 7
 326 7
 327 20
 328 20
 329 4
 330 4
 331 21
 332 20
 333 11
 334 19
 335 4
 336 20
 337 2
 338 2
 339 14
 340 4
 341 4
 342 4
 343 4
 344 16
 345 11
 346 4
 347 4
 348 4
 349 4
 350 4
 351 23
 352 20
 353 15
 354 7
 355 27
 356 2
 357 2
 358 2
 359 2
 360 15
 361 2
 362 15
 363 3
 364 10
 365 9
 366 15
 367 2
 368 24
 369 26
 370 13
 371 4
 372 27
 373 2
 374 20
 375 5
 376 5
 377 23
 378 6
 379 23
 380 24
 381 26
 382 7
 383 16
 384 16
 385 16
 386 27
 387 21
 388 3
 389 16
 390 21
 391 5
 392 26
 393 7
 394 7
 395 13
 396 27
 397 15
 398 15
 399 8
 400 15
 401 15
 402 21
 403 24
 404 20
 405 15
 406 10
 407 22
 408 22
 409 15
 410 15
 411 3
 412 3
 413 7
 414 7
 415 15
 416 15
 417 15
 418 15
 419 21
 420 21
 421 13
 422 16
 423 13
 424 3
 425 20
 426 13
 427 20
 428 10
 429 7
 430 20
 431 1
 432 16
 433 19
 434 16
 435 1
 436 20
 437 14
 438 3
 439 19
 440 21
 441 1
 442 13
 443 3
 444 11
 445 20
 446 16
 447 27
 448 24
 449 3
 450 20
 451 20
 452 21
 453 10
 454 10
 455 10
 456 16
 457 10
 458 10
 459 22
 460 27
 461 27
 462 27
 463 22
 464 24
 465 21
 466 16
 467 16
 468 10
 469 10
 470 20
 471 16
 472 6
 473 21
 474 21
 475 21
 476 8
 477 20
 478 27
 479 21
 480 10
 481 10
 482 10
 483 10
 484 23
 485 10
 486 10
 487 10
 488 14
 489 21
 490 10
 491 27
 492 20
 493 23
 494 23
 495 23
 496 20
 497 16
 498 7
 499 3
 500 3
 501 8
 502 7
 503 20
 504 24
 505 6
 506 6
 507 11
 508 13
 509 17
 510 9
 511 6
 512 8
 513 20
 514 27
 515 20
 516 6
 517 20
 518 16
 519 20
 520 20
 521 22
 522 16
 523 20
 524 20
 525 8
 526 8
 527 8
 528 20
 529 9
 530 24
 531 3
 532 8
 533 7
 534 19
 535 19
 536 19
 537 23
 538 3
 539 20
 540 13
 541 19
 542 19
 543 20
 544 24
 545 9
 546 20
 547 3
 548 3
 549 3
 550 3
 551 3
 552 3
 553 3
 554 7
 555 14
 556 20
 557 1
 558 8
 559 7
 560 8
 561 6
 562 17
 563 27
 564 21
 565 20
 566 1
 567 13
 568 21
 569 19
 570 19
 571 21
 572 3
 573 20
 574 17
 575 19
 576 5
 577 8
 578 8
 579 19
 580 3
 581 3
 582 24
 583 21
 584 21
 585 26
 586 17
 587 27
 588 7
 589 7
 590 8
 591 21
 592 3
 593 21
 594 16
 595 5
 596 8
 597 11
 598 1
 599 9
 600 8
 601 3
 602 3
 603 23
 604 3
 605 6
 606 8
 607 3
 608 11
 609 11
 610 11
 611 11
 612 11
 613 11
 614 11
 615 8
 616 3
 617 20
 618 3
 619 6
 620 1
 621 20
 622 3
 623 19
 624 19
 625 16
 626 3
 627 20
 628 20
 629 5
 630 13
 631 26
 632 20
 633 3
 634 3
 635 14
 636 8
 637 26
 638 1
 639 20
 640 26
 641 8
 642 3
 643 16
 644 1
 645 1
 646 20
 647 20
 648 21
 649 27
 650 27
 651 21
 652 23
 653 21
 654 23
 655 23
 656 23
 657 23
 658 19
 659 3
 660 3
 661 23
 662 8
 663 24
 664 3
 665 3
 666 20
 667 20
 668 21
 669 23
 670 20
 671 6
 672 21
 673 20
 674 26
 675 22
 676 1
 677 19
 678 19
 679 11
 680 23
 681 3
 682 3
 683 20
 684 20
 685 17
 686 20
 687 20
 688 6
 689 6
 690 6
 691 20
 692 21
 693 8
 694 8
 695 17
 696 20
 697 14
 698 20
 699 20
 700 5
 701 26
 702 26
 703 6
 704 5
 705 5
 706 5
 707 3
 708 3
 709 5
 710 3
 711 3
 712 26
 713 26
 714 20
 715 5
 716 6
 717 6
 718 20
 719 5
 720 27
 721 9
 722 5
 723 5
 724 3
 725 3
 726 3
 727 20
 728 19
 729 26
 730 26
 731 5
 732 20
 733 26
 734 26
 735 26
 736 27
 737 27
 738 26
 739 3
 740 3
 741 26
 742 26
 743 27
 744 20
 745 5
 746 11
 747 9
 748 17
 749 17
 750 17
 751 20
 752 20
 753 20
 754 20
 755 20
 756 20
 757 20
 758 20
 759 20
 760 20
 761 20
 762 20
 763 20
 764 20
 765 20
 766 20
 767 20
 768 11
 769 20
 770 20
 771 20
 772 8
 773 20
 774 20
 775 20
 776 17
 777 20
 778 20
 779 20
 780 20
 781 20
 782 20
 783 8
 784 20
 785 20
 786 6
 787 17
 788 17
 789 20
 790 20
 791 11
 792 6
 793 20
 794 27
 795 20
 796 20
 797 20
 798 6
 799 20
 800 20
 801 20
 802 20
 803 20
 804 17
 805 17
 806 17
 807 17
 808 17
 809 17
 810 17
 811 17
 812 17
 813 17
 814 9
